 model: 1, d1 = 200.443, d2 = 243.563, d3 = 243.463, d4 = 1314.95, d5 = 198.792, d6 = 697.831, d7 = 696.773, d8 = 1114.51, d9 = 140.721, d10 = 140.723, d11 = 568.052, d12 = 557.711, d13 = 397.573, d14 = 397.575, d15 = 0.50001
 model: 2, d1 = 202.881, d2 = 247.101, d3 = 247.913, d4 = 1348.44, d5 = 199.103, d6 = 705.812, d7 = 727.215, d8 = 1145.56, d9 = 146.331, d10 = 146.334, d11 = 554.699, d12 = 540.891, d13 = 398.123, d14 = 398.102, d15 = 0.501167
 model: 3, d1 = 202.895, d2 = 242.341, d3 = 240.6, d4 = 1319.33, d5 = 196.022, d6 = 705.526, d7 = 704.551, d8 = 1116.44, d9 = 142.506, d10 = 142.507, d11 = 542.189, d12 = 503.937, d13 = 391.991, d14 = 392.014, d15 = 0.500488
 model: 4, d1 = 197.302, d2 = 237.561, d3 = 237.618, d4 = 1282.08, d5 = 194.265, d6 = 682.485, d7 = 676.547, d8 = 1084.78, d9 = 136.731, d10 = 136.733, d11 = 520.139, d12 = 498.426, d13 = 388.549, d14 = 388.551, d15 = 0.500427
